BAR 348, 439, 2, 96
BAR 292, 535, 56, 2
BAR 300, 495, 48, 2
BAR 260, 447, 2, 88
BAR 204, 447, 56, 2
BAR 176, 447, 2, 96
BAR 116, 455, 2, 82
BAR 120, 479, 56, 2
BAR 44, 535, 48, 2
BAR 92, 455, 2, 80
BAR 20, 455, 72, 2
BAR 21, 455, 2, 40
BAR 21, 495, 24, 2
BAR 45, 479, 2, 16
BAR 36, 479, 16, 2
BAR 284, 391, 40, 2
BAR 324, 343, 2, 48
BAR 324, 287, 2, 32
BAR 276, 287, 48, 2
BAR 52, 311, 48, 2
BAR 284, 239, 48, 2
BAR 308, 183, 2, 56
BAR 148, 239, 48, 2
BAR 196, 191, 2, 48
BAR 148, 191, 48, 2
BAR 68, 191, 48, 2
BAR 76, 151, 40, 2
BAR 76, 119, 2, 32
BAR 76, 55, 2, 32
BAR 76, 55, 48, 2
BAR 112, 535, 64, 2
BAR 320, 343, 16, 2
BAR 320, 319, 16, 2
BAR 336, 319, 2, 24
BAR 56, 120, 24, 2
BAR 56, 87, 24, 2
BAR 56, 88, 2, 32
BAR 224, 247, 32, 2
BAR 256, 215, 2, 32
BAR 224, 215, 32, 2
BAR 224, 184, 2, 32
BAR 224, 191, 32, 2
BAR 272, 311, 2, 56
BAR 216, 367, 56, 2
BAR 216, 319, 2, 48
BAR 240, 318, 2, 49
BAR 184, 351, 2, 16
BAR 168, 351, 16, 2
BAR 168, 311, 2, 40
BAR 152, 351, 16, 2
BAR 152, 351, 2, 16